0 0
1 1
2 4
3 9
4 16


0 0 0 0 0 0 0
0.04 0.04 0.0008 0.0016 2.13333e-05 0.04 0.0008
0.08 0.08 0.0032 0.0064 0.000170667 0.08 0.0032
0.12 0.12 0.0072 0.0144 0.000576 0.12 0.0072
0.16 0.16 0.0128 0.0256 0.00136533 0.16 0.0128
0.2 0.2 0.02 0.04 0.00266667 0.2 0.02
0.24 0.24 0.0288 0.0576 0.004608 0.24 0.0288
0.28 0.28 0.0392 0.0784 0.00731733 0.28 0.0392
0.32 0.32 0.0512 0.1024 0.0109227 0.32 0.0512
0.36 0.36 0.0648 0.1296 0.015552 0.36 0.0648
0.4 0.4 0.08 0.16 0.0213333 0.4 0.08
0.44 0.44 0.0968 0.1936 0.0283947 0.44 0.0968
0.48 0.48 0.1152 0.2304 0.036864 0.48 0.1152
0.52 0.52 0.1352 0.2704 0.0468693 0.52 0.1352
0.56 0.56 0.1568 0.3136 0.0585387 0.56 0.1568
0.6 0.6 0.18 0.36 0.072 0.6 0.18
0.64 0.64 0.2048 0.4096 0.0873813 0.64 0.2048
0.68 0.68 0.2312 0.4624 0.104811 0.68 0.2312
0.72 0.72 0.2592 0.5184 0.124416 0.72 0.2592
0.76 0.76 0.2888 0.5776 0.146325 0.76 0.2888
0.8 0.8 0.32 0.64 0.170667 0.8 0.32
0.84 0.84 0.3528 0.7056 0.197568 0.84 0.3528
0.88 0.88 0.3872 0.7744 0.227157 0.88 0.3872
0.92 0.92 0.4232 0.8464 0.259563 0.92 0.4232
0.96 0.96 0.4608 0.9216 0.294912 0.96 0.4608
1 1 0.5 1 0.333333 1 0.5
1.04 1.12 0.5424 1.0816 0.374955 1.12 0.5424
1.08 1.24 0.5896 1.1664 0.419904 1.24 0.5896
1.12 1.36 0.6416 1.2544 0.468309 1.36 0.6416
1.16 1.48 0.6984 1.3456 0.520299 1.48 0.6984
1.2 1.6 0.76 1.44 0.576 1.6 0.76
1.24 1.72 0.8264 1.5376 0.635541 1.72 0.8264
1.28 1.84 0.8976 1.6384 0.699051 1.84 0.8976
1.32 1.96 0.9736 1.7424 0.766656 1.96 0.9736
1.36 2.08 1.0544 1.8496 0.838485 2.08 1.0544
1.4 2.2 1.14 1.96 0.914667 2.2 1.14
1.44 2.32 1.2304 2.0736 0.995328 2.32 1.2304
1.48 2.44 1.3256 2.1904 1.0806 2.44 1.3256
1.52 2.56 1.4256 2.3104 1.1706 2.56 1.4256
1.56 2.68 1.5304 2.4336 1.26547 2.68 1.5304
1.6 2.8 1.64 2.56 1.36533 2.8 1.64
1.64 2.92 1.7544 2.6896 1.47031 2.92 1.7544
1.68 3.04 1.8736 2.8224 1.58054 3.04 1.8736
1.72 3.16 1.9976 2.9584 1.69615 3.16 1.9976
1.76 3.28 2.1264 3.0976 1.81726 3.28 2.1264
1.8 3.4 2.26 3.24 1.944 3.4 2.26
1.84 3.52 2.3984 3.3856 2.0765 3.52 2.3984
1.88 3.64 2.5416 3.5344 2.21489 3.64 2.5416
1.92 3.76 2.6896 3.6864 2.3593 3.76 2.6896
1.96 3.88 2.8424 3.8416 2.50985 3.88 2.8424
2 4 3 4 2.66667 4 3
2.04 4.2 3.164 4.1616 2.82989 4.2 3.164
2.08 4.4 3.336 4.3264 2.99964 4.4 3.336
2.12 4.6 3.516 4.4944 3.17604 4.6 3.516
2.16 4.8 3.704 4.6656 3.35923 4.8 3.704
2.2 5 3.9 4.84 3.54933 5 3.9
2.24 5.2 4.104 5.0176 3.74647 5.2 4.104
2.28 5.4 4.316 5.1984 3.95078 5.4 4.316
2.32 5.6 4.536 5.3824 4.16239 5.6 4.536
2.36 5.8 4.764 5.5696 4.38142 5.8 4.764
2.4 6 5 5.76 4.608 6 5
2.44 6.2 5.244 5.9536 4.84226 6.2 5.244
2.48 6.4 5.496 6.1504 5.08433 6.4 5.496
2.52 6.6 5.756 6.3504 5.33434 6.6 5.756
2.56 6.8 6.024 6.5536 5.59241 6.8 6.024
2.6 7 6.3 6.76 5.85867 7 6.3
2.64 7.2 6.584 6.9696 6.13325 7.2 6.584
2.68 7.4 6.876 7.1824 6.41628 7.4 6.876
2.72 7.6 7.176 7.3984 6.70788 7.6 7.176
2.76 7.8 7.484 7.6176 7.00819 7.8 7.484
2.8 8 7.8 7.84 7.31733 8 7.8
2.84 8.2 8.124 8.0656 7.63543 8.2 8.124
2.88 8.4 8.456 8.2944 7.96262 8.4 8.456
2.92 8.6 8.796 8.5264 8.29903 8.6 8.796
2.96 8.8 9.144 8.7616 8.64478 8.8 9.144
3 9 9.5 9 9 9 9.5
3.04 9.28 9.8656 9.2416 9.36482 9.28 9.8656
3.08 9.56 10.2424 9.4864 9.73937 9.56 10.2424
3.12 9.84 10.6304 9.7344 10.1238 9.84 10.6304
3.16 10.12 11.0296 9.9856 10.5182 10.12 11.0296
3.2 10.4 11.44 10.24 10.9227 10.4 11.44
3.24 10.68 11.8616 10.4976 11.3374 10.68 11.8616
3.28 10.96 12.2944 10.7584 11.7625 10.96 12.2944
3.32 11.24 12.7384 11.0224 12.1981 11.24 12.7384
3.36 11.52 13.1936 11.2896 12.6444 11.52 13.1936
3.4 11.8 13.66 11.56 13.1013 11.8 13.66
3.44 12.08 14.1376 11.8336 13.5692 12.08 14.1376
3.48 12.36 14.6264 12.1104 14.0481 12.36 14.6264
3.52 12.64 15.1264 12.3904 14.5381 12.64 15.1264
3.56 12.92 15.6376 12.6736 15.0393 12.92 15.6376
3.6 13.2 16.16 12.96 15.552 13.2 16.16
3.64 13.48 16.6936 13.2496 16.0762 13.48 16.6936
3.68 13.76 17.2384 13.5424 16.612 13.76 17.2384
3.72 14.04 17.7944 13.8384 17.1596 14.04 17.7944
3.76 14.32 18.3616 14.1376 17.7191 14.32 18.3616
3.8 14.6 18.94 14.44 18.2907 14.6 18.94
3.84 14.88 19.5296 14.7456 18.8744 14.88 19.5296
3.88 15.16 20.1304 15.0544 19.4704 15.16 20.1304
3.92 15.44 20.7424 15.3664 20.0788 15.44 20.7424
3.96 15.72 21.3656 15.6816 20.6997 15.72 21.3656
