-1 0.102791
-0.931034 0.246933
-0.862069 0.393084
-0.793103 0.516129
-0.724138 0.589438
-0.655172 0.58995
-0.586207 0.503493
-0.517241 0.329146
-0.448276 0.0814853
-0.37931 -0.210087
-0.310345 -0.505176
-0.241379 -0.758889
-0.172414 -0.929824
-0.103448 -0.987937
-0.0344828 -0.920594
0.0344828 -0.735425
0.103448 -0.459283
0.172414 -0.133467
0.241379 0.193797
0.310345 0.476028
0.37931 0.676497
0.448276 0.773972
0.517241 0.76517
0.586207 0.663665
0.655172 0.495779
0.724138 0.294579
0.793103 0.0933846
0.862069 -0.0798794
0.931034 -0.206485
1 -0.278412


-1 0.0953574 -0.528851 2.26199 0.192498
-0.979798 0.141269 -0.526462 2.28047 -0.0219491
-0.959596 0.187378 -0.523142 2.28123 -0.252562
-0.939394 0.233308 -0.518892 2.26242 -0.496912
-0.919192 0.278646 -0.513719 2.22229 -0.752172
-0.89899 0.322943 -0.507641 2.15924 -1.01514
-0.878788 0.365724 -0.500681 2.07182 -1.28228
-0.858586 0.406481 -0.492878 1.95881 -1.54975
-0.838384 0.444689 -0.484275 1.81927 -1.81348
-0.818182 0.479804 -0.474931 1.65262 -2.06919
-0.79798 0.511277 -0.464914 1.45862 -2.3125
-0.777778 0.538555 -0.454302 1.23748 -2.53896
-0.757576 0.561098 -0.443186 0.989875 -2.74417
-0.737374 0.57838 -0.431667 0.716991 -2.92383
-0.717172 0.589908 -0.419856 0.420532 -3.07381
-0.69697 0.595227 -0.407874 0.102749 -3.19029
-0.676768 0.593935 -0.395851 -0.233555 -3.26978
-0.656566 0.585688 -0.383923 -0.585037 -3.30923
-0.636364 0.57022 -0.372235 -0.947832 -3.30609
-0.616162 0.547345 -0.360934 -1.31759 -3.2584
-0.59596 0.51697 -0.350171 -1.68952 -3.16483
-0.575758 0.479102 -0.340097 -2.05847 -3.02473
-0.555556 0.433856 -0.330863 -2.41898 -2.83818
-0.535354 0.38146 -0.322615 -2.76538 -2.60603
-0.515152 0.322257 -0.315496 -3.09189 -2.32987
-0.494949 0.256708 -0.309638 -3.39274 -2.01207
-0.474747 0.185388 -0.305163 -3.66228 -1.65577
-0.454545 0.108985 -0.302181 -3.89507 -1.2648
-0.434343 0.0282931 -0.300788 -4.08605 -0.843717
-0.414141 -0.0557955 -0.301061 -4.23063 -0.397668
-0.393939 -0.142302 -0.303059 -4.32481 0.067631
-0.373737 -0.230173 -0.30682 -4.36528 0.545995
-0.353535 -0.318298 -0.312361 -4.34954 1.03086
-0.333333 -0.405523 -0.319674 -4.27594 1.51539
-0.313131 -0.490669 -0.328731 -4.14379 1.99259
-0.292929 -0.572556 -0.339478 -3.95337 2.45541
-0.272727 -0.650017 -0.351835 -3.70597 2.89688
-0.252525 -0.721924 -0.365703 -3.40392 3.31024
-0.232323 -0.787203 -0.380959 -3.05051 3.68901
-0.212121 -0.844859 -0.397458 -2.65001 4.02718
-0.191919 -0.893991 -0.415037 -2.20756 4.31926
-0.171717 -0.933811 -0.433516 -1.72914 4.56042
-0.151515 -0.963658 -0.4527 -1.22139 4.74654
-0.131313 -0.983012 -0.472381 -0.69157 4.87434
-0.111111 -0.991503 -0.492344 -0.147378 4.94142
-0.0909091 -0.988923 -0.512368 0.403184 4.94629
-0.0707071 -0.975225 -0.532226 0.951956 4.88844
-0.0505051 -0.950527 -0.551696 1.49078 4.76832
-0.030303 -0.915113 -0.570559 2.01165 4.58737
-0.010101 -0.869422 -0.588601 2.50686 4.34797
0.010101 -0.814047 -0.605622 2.96917 4.05344
0.030303 -0.749722 -0.621432 3.39192 3.70792
0.0505051 -0.677307 -0.635859 3.76913 3.31639
0.0707071 -0.597775 -0.64875 4.09565 2.8845
0.0909091 -0.512196 -0.659971 4.36719 2.41853
0.111111 -0.421716 -0.669412 4.58043 1.92523
0.131313 -0.327537 -0.676985 4.73303 1.41177
0.151515 -0.2309 -0.682629 4.82369 0.88555
0.171717 -0.13306 -0.686306 4.8521 0.354113
0.191919 -0.0352702 -0.688005 4.81894 -0.174994
0.212121 0.0612411 -0.68774 4.72587 -0.694352
0.232323 0.155288 -0.685548 4.57544 -1.19679
0.252525 0.245743 -0.68149 4.37101 -1.6755
0.272727 0.331558 -0.67565 4.11669 -2.12414
0.292929 0.41177 -0.668131 3.81725 -2.53698
0.313131 0.485522 -0.659056 3.47798 -2.90889
0.333333 0.552065 -0.648563 3.10461 -3.23554
0.353535 0.610772 -0.636803 2.70318 -3.51334
0.373737 0.661138 -0.623941 2.27996 -3.73957
0.393939 0.702787 -0.61015 1.84129 -3.91236
0.414141 0.735472 -0.595606 1.39352 -4.03072
0.434343 0.759072 -0.580495 0.942902 -4.09452
0.454545 0.77359 -0.564998 0.49548 -4.1045
0.474747 0.779152 -0.549299 0.0570267 -4.06219
0.494949 0.775992 -0.533576 -0.367032 -3.96989
0.515152 0.764453 -0.518002 -0.771677 -3.8306
0.535354 0.744974 -0.502742 -1.15235 -3.64796
0.555556 0.718082 -0.487952 -1.50499 -3.42613
0.575758 0.684379 -0.473775 -1.82605 -3.16976
0.59596 0.644535 -0.460342 -2.11255 -2.88384
0.616162 0.599273 -0.44777 -2.36206 -2.57363
0.636364 0.54936 -0.43616 -2.57268 -2.24456
0.656566 0.495597 -0.425599 -2.7431 -1.90213
0.676768 0.438804 -0.416156 -2.87252 -1.55179
0.69697 0.379814 -0.407884 -2.96068 -1.19891
0.717172 0.319457 -0.400819 -3.0078 -0.848621
0.737374 0.258558 -0.394981 -3.01459 -0.505796
0.757576 0.19792 -0.390371 -2.98219 -0.174947
0.777778 0.138319 -0.386977 -2.91216 0.139824
0.79798 0.0804973 -0.38477 -2.80642 0.434873
0.818182 0.0251534 -0.383708 -2.66726 0.707054
0.838384 -0.0270629 -0.383733 -2.49724 0.95375
0.858586 -0.0755566 -0.384776 -2.29922 1.17288
0.878788 -0.119793 -0.386757 -2.07626 1.36293
0.89899 -0.1593 -0.389584 -1.83165 1.52291
0.919192 -0.193676 -0.393159 -1.56881 1.65236
0.939394 -0.222588 -0.397373 -1.29128 1.75135
0.959596 -0.245774 -0.402114 -1.00267 1.8204
0.979798 -0.263049 -0.407263 -0.706637 1.86049
1 -0.2743 -0.412701 -0.406845 1.87298
