0 1 0 -0.0698012 1 0 -0
0.01 0.999239 0.0099963 -0.0824264 0.9999 0.00999967 -0.019998
0.02 0.998351 0.0199844 -0.0950515 0.9996 0.0199973 -0.039984
0.03 0.997338 0.0299629 -0.107677 0.9991 0.029991 -0.059946
0.04 0.996198 0.0399307 -0.120302 0.998401 0.0399787 -0.0798721
0.05 0.994932 0.0498864 -0.132927 0.997503 0.0499584 -0.0997503
0.06 0.993539 0.0598289 -0.145552 0.996406 0.0599281 -0.119569
0.07 0.992021 0.0697568 -0.158177 0.995112 0.0698858 -0.139316
0.08 0.990376 0.0796689 -0.170802 0.99362 0.0798297 -0.158979
0.09 0.988605 0.0895639 -0.183428 0.991933 0.0897576 -0.178548
0.1 0.986707 0.0994406 -0.196053 0.99005 0.0996677 -0.19801
0.11 0.984684 0.109298 -0.208678 0.987973 0.109558 -0.217354
0.12 0.982534 0.119134 -0.221303 0.985703 0.119426 -0.236569
0.13 0.980258 0.128948 -0.233928 0.983242 0.129271 -0.255643
0.14 0.977855 0.138739 -0.246553 0.980591 0.139091 -0.274565
0.15 0.975327 0.148505 -0.259179 0.977751 0.148883 -0.293325
0.16 0.972672 0.158245 -0.271804 0.974725 0.158645 -0.311912
0.17 0.96989 0.167958 -0.284429 0.971514 0.168376 -0.330315
0.18 0.966983 0.177642 -0.297054 0.968119 0.178075 -0.348523
0.19 0.963949 0.187297 -0.309679 0.964544 0.187738 -0.366527
0.2 0.960789 0.196921 -0.322304 0.960789 0.197365 -0.384316
0.21 0.957456 0.206512 -0.344397 0.956858 0.206953 -0.40188
0.22 0.953902 0.216069 -0.366489 0.952753 0.216502 -0.419211
0.23 0.950126 0.225589 -0.388582 0.948475 0.226008 -0.436298
0.24 0.94613 0.235071 -0.410674 0.944027 0.235471 -0.453133
0.25 0.941913 0.244511 -0.432766 0.939413 0.244888 -0.469707
0.26 0.937475 0.253908 -0.454859 0.934634 0.254258 -0.48601
0.27 0.932815 0.26326 -0.476951 0.929694 0.26358 -0.502035
0.28 0.927936 0.272564 -0.499043 0.924595 0.272852 -0.517773
0.29 0.922835 0.281818 -0.521136 0.919339 0.282071 -0.533217
0.3 0.917513 0.29102 -0.543228 0.913931 0.291238 -0.548359
0.31 0.91197 0.300167 -0.565321 0.908373 0.30035 -0.563191
0.32 0.906206 0.309259 -0.587413 0.902668 0.309405 -0.577708
0.33 0.900222 0.318291 -0.609505 0.89682 0.318402 -0.591901
0.34 0.894016 0.327262 -0.631598 0.890831 0.327341 -0.605765
0.35 0.88759 0.33617 -0.65369 0.884706 0.336219 -0.619294
0.36 0.880942 0.345013 -0.675783 0.878447 0.345034 -0.632482
0.37 0.874074 0.353789 -0.697875 0.872057 0.353787 -0.645322
0.38 0.866985 0.362494 -0.719967 0.865541 0.362475 -0.657812
0.39 0.859675 0.371127 -0.74206 0.858902 0.371098 -0.669944
0.4 0.852144 0.379687 -0.764152 0.852144 0.379653 -0.681715
0.41 0.844498 0.38817 -0.764971 0.845269 0.38814 -0.693121
0.42 0.836844 0.396577 -0.765789 0.838283 0.396558 -0.704157
0.43 0.829182 0.404907 -0.766608 0.831187 0.404905 -0.714821
0.44 0.821512 0.41316 -0.767426 0.823987 0.413181 -0.725109
0.45 0.813834 0.421337 -0.768245 0.816686 0.421385 -0.735018
0.46 0.806147 0.429437 -0.769063 0.809288 0.429515 -0.744545
0.47 0.798453 0.43746 -0.769882 0.801797 0.43757 -0.753689
0.48 0.79075 0.445406 -0.7707 0.794216 0.44555 -0.762447
0.49 0.783039 0.453275 -0.771519 0.786549 0.453454 -0.770818
0.5 0.775319 0.461067 -0.772337 0.778801 0.461281 -0.778801
0.51 0.767592 0.468781 -0.773156 0.770974 0.46903 -0.786394
0.52 0.759856 0.476419 -0.773974 0.763074 0.4767 -0.793597
0.53 0.752112 0.483978 -0.774793 0.755104 0.484291 -0.80041
0.54 0.74436 0.491461 -0.775611 0.747067 0.491802 -0.806833
0.55 0.7366 0.498866 -0.77643 0.738968 0.499232 -0.812865
0.56 0.728832 0.506193 -0.777248 0.730811 0.506581 -0.818509
0.57 0.721055 0.513442 -0.778067 0.7226 0.513848 -0.823764
0.58 0.71327 0.520614 -0.778885 0.714337 0.521033 -0.828631
0.59 0.705477 0.527708 -0.779704 0.706028 0.528135 -0.833113
0.6 0.697676 0.534723 -0.780523 0.697676 0.535154 -0.837212
0.61 0.689835 0.541661 -0.787662 0.689285 0.542088 -0.840928
0.62 0.681923 0.54852 -0.794802 0.680859 0.548939 -0.844265
0.63 0.673939 0.555299 -0.801942 0.672401 0.555705 -0.847226
0.64 0.665884 0.561998 -0.809081 0.663916 0.562387 -0.849812
0.65 0.657758 0.568617 -0.816221 0.655406 0.568984 -0.852028
0.66 0.64956 0.575153 -0.823361 0.646876 0.575495 -0.853877
0.67 0.641291 0.581608 -0.8305 0.63833 0.581921 -0.855362
0.68 0.63295 0.587979 -0.83764 0.62977 0.588262 -0.856488
0.69 0.624538 0.594266 -0.84478 0.621201 0.594517 -0.857258
0.7 0.616054 0.600469 -0.85192 0.612626 0.600686 -0.857677
0.71 0.607499 0.606587 -0.859059 0.604049 0.606769 -0.85775
0.72 0.598873 0.612619 -0.866199 0.595473 0.612767 -0.85748
0.73 0.590175 0.618564 -0.873339 0.5869 0.618679 -0.856875
0.74 0.581406 0.624422 -0.880478 0.578336 0.624505 -0.855938
0.75 0.572566 0.630192 -0.887618 0.569783 0.630245 -0.854674
0.76 0.563654 0.635873 -0.894758 0.561244 0.6359 -0.85309
0.77 0.554671 0.641465 -0.901897 0.552722 0.64147 -0.851192
0.78 0.545616 0.646967 -0.909037 0.544221 0.646955 -0.848985
0.79 0.53649 0.652377 -0.916177 0.535743 0.652355 -0.846475
0.8 0.527292 0.657696 -0.923317 0.527292 0.65767 -0.843668
0.81 0.518122 0.662923 -0.910691 0.518871 0.662901 -0.840571
0.82 0.509079 0.668059 -0.898066 0.510482 0.668047 -0.83719
0.83 0.500161 0.673105 -0.885441 0.502128 0.67311 -0.833533
0.84 0.49137 0.678063 -0.872816 0.493812 0.67809 -0.829604
0.85 0.482705 0.682933 -0.860191 0.485537 0.682987 -0.825413
0.86 0.474166 0.687717 -0.847566 0.477305 0.687801 -0.820964
0.87 0.465753 0.692417 -0.83494 0.469118 0.692533 -0.816266
0.88 0.457467 0.697033 -0.822315 0.46098 0.697183 -0.811325
0.89 0.449307 0.701566 -0.80969 0.452893 0.701753 -0.806149
0.9 0.441273 0.706019 -0.797065 0.444858 0.706242 -0.800745
0.91 0.433366 0.710392 -0.78444 0.436879 0.71065 -0.795119
0.92 0.425585 0.714687 -0.771815 0.428956 0.714979 -0.78928
0.93 0.41793 0.718904 -0.759189 0.421094 0.719229 -0.783234
0.94 0.410401 0.723046 -0.746564 0.413292 0.723401 -0.77699
0.95 0.402998 0.727113 -0.733939 0.405555 0.727496 -0.770554
0.96 0.395722 0.731106 -0.721314 0.397882 0.731513 -0.763933
0.97 0.388572 0.735028 -0.708689 0.390276 0.735453 -0.757136
0.98 0.381548 0.738878 -0.696064 0.38274 0.739318 -0.75017
0.99 0.374651 0.742659 -0.683438 0.375274 0.743108 -0.743042
