0 1 0 -0.117687 1 0 -0
0.01 0.998821 0.00999411 -0.118275 0.9999 0.00999967 -0.019998
0.02 0.997631 0.0199764 -0.120038 0.9996 0.0199973 -0.039984
0.03 0.996416 0.0299466 -0.122977 0.9991 0.029991 -0.059946
0.04 0.995167 0.0399046 -0.127091 0.998401 0.0399787 -0.0798721
0.05 0.993871 0.0498498 -0.132381 0.997503 0.0499584 -0.0997503
0.06 0.992516 0.0597818 -0.138846 0.996406 0.0599281 -0.119569
0.07 0.99109 0.0696999 -0.146487 0.995112 0.0698858 -0.139316
0.08 0.989582 0.0796033 -0.155303 0.99362 0.0798297 -0.158979
0.09 0.98798 0.0894912 -0.165294 0.991933 0.0897576 -0.178548
0.1 0.986272 0.0993626 -0.176461 0.99005 0.0996677 -0.19801
0.11 0.984447 0.109216 -0.188804 0.987973 0.109558 -0.217354
0.12 0.982492 0.119051 -0.202322 0.985703 0.119426 -0.236569
0.13 0.980396 0.128866 -0.217016 0.983242 0.129271 -0.255643
0.14 0.978148 0.138659 -0.232885 0.980591 0.139091 -0.274565
0.15 0.975735 0.148428 -0.249929 0.977751 0.148883 -0.293325
0.16 0.973145 0.158173 -0.268149 0.974725 0.158645 -0.311912
0.17 0.970368 0.16789 -0.287544 0.971514 0.168376 -0.330315
0.18 0.967391 0.177579 -0.308115 0.968119 0.178075 -0.348523
0.19 0.964202 0.187237 -0.329862 0.964544 0.187738 -0.366527
0.2 0.960789 0.196863 -0.352784 0.960789 0.197365 -0.384316
0.21 0.957145 0.206452 -0.375958 0.956858 0.206953 -0.40188
0.22 0.953273 0.216005 -0.398463 0.952753 0.216502 -0.419211
0.23 0.949178 0.225517 -0.420299 0.948475 0.226008 -0.436298
0.24 0.944869 0.234988 -0.441464 0.944027 0.235471 -0.453133
0.25 0.940351 0.244414 -0.46196 0.939413 0.244888 -0.469707
0.26 0.935632 0.253794 -0.481785 0.934634 0.254258 -0.48601
0.27 0.930718 0.263126 -0.500942 0.929694 0.26358 -0.502035
0.28 0.925615 0.272408 -0.519428 0.924595 0.272852 -0.517773
0.29 0.920331 0.281638 -0.537244 0.919339 0.282071 -0.533217
0.3 0.914873 0.290814 -0.554391 0.913931 0.291238 -0.548359
0.31 0.909246 0.299934 -0.570868 0.908373 0.30035 -0.563191
0.32 0.903457 0.308998 -0.586675 0.902668 0.309405 -0.577708
0.33 0.897514 0.318003 -0.601813 0.89682 0.318402 -0.591901
0.34 0.891423 0.326948 -0.61628 0.890831 0.327341 -0.605765
0.35 0.885191 0.335831 -0.630078 0.884706 0.336219 -0.619294
0.36 0.878824 0.344651 -0.643206 0.878447 0.345034 -0.632482
0.37 0.872329 0.353407 -0.655665 0.872057 0.353787 -0.645322
0.38 0.865713 0.362097 -0.667453 0.865541 0.362475 -0.657812
0.39 0.858982 0.370721 -0.678572 0.858902 0.371098 -0.669944
0.4 0.852144 0.379277 -0.689021 0.852144 0.379653 -0.681715
0.41 0.845203 0.387764 -0.699002 0.845269 0.38814 -0.693121
0.42 0.838165 0.39618 -0.708715 0.838283 0.396558 -0.704157
0.43 0.83103 0.404527 -0.71816 0.831187 0.404905 -0.714821
0.44 0.823802 0.412801 -0.727339 0.823987 0.413181 -0.725109
0.45 0.816484 0.421002 -0.73625 0.816686 0.421385 -0.735018
0.46 0.809078 0.42913 -0.744893 0.809288 0.429515 -0.744545
0.47 0.801587 0.437184 -0.753269 0.801797 0.43757 -0.753689
0.48 0.794014 0.445162 -0.761378 0.794216 0.44555 -0.762447
0.49 0.786361 0.453064 -0.76922 0.786549 0.453454 -0.770818
0.5 0.77863 0.460889 -0.776794 0.778801 0.461281 -0.778801
0.51 0.770826 0.468636 -0.7841 0.770974 0.46903 -0.786394
0.52 0.762949 0.476305 -0.79114 0.763074 0.4767 -0.793597
0.53 0.755004 0.483895 -0.797911 0.755104 0.484291 -0.80041
0.54 0.746992 0.491405 -0.804416 0.747067 0.491802 -0.806833
0.55 0.738916 0.498834 -0.810653 0.738968 0.499232 -0.812865
0.56 0.73078 0.506183 -0.816623 0.730811 0.506581 -0.818509
0.57 0.722585 0.51345 -0.822325 0.7226 0.513848 -0.823764
0.58 0.714334 0.520634 -0.82776 0.714337 0.521033 -0.828631
0.59 0.70603 0.527736 -0.832928 0.706028 0.528135 -0.833113
0.6 0.697676 0.534755 -0.837828 0.697676 0.535154 -0.837212
0.61 0.689275 0.54169 -0.842343 0.689285 0.542088 -0.840928
0.62 0.680831 0.54854 -0.846354 0.680859 0.548939 -0.844265
0.63 0.67235 0.555306 -0.849862 0.672401 0.555705 -0.847226
0.64 0.663836 0.561987 -0.852866 0.663916 0.562387 -0.849812
0.65 0.655294 0.568583 -0.855366 0.655406 0.568984 -0.852028
0.66 0.64673 0.575093 -0.857363 0.646876 0.575495 -0.853877
0.67 0.638148 0.581517 -0.858856 0.63833 0.581921 -0.855362
0.68 0.629555 0.587856 -0.859845 0.62977 0.588262 -0.856488
0.69 0.620953 0.594108 -0.860331 0.621201 0.594517 -0.857258
0.7 0.61235 0.600275 -0.860313 0.612626 0.600686 -0.857677
0.71 0.603749 0.606355 -0.859792 0.604049 0.606769 -0.85775
0.72 0.595155 0.61235 -0.858767 0.595473 0.612767 -0.85748
0.73 0.586575 0.618258 -0.857238 0.5869 0.618679 -0.856875
0.74 0.578012 0.624081 -0.855206 0.578336 0.624505 -0.855938
0.75 0.569473 0.629819 -0.85267 0.569783 0.630245 -0.854674
0.76 0.560961 0.635471 -0.849631 0.561244 0.6359 -0.85309
0.77 0.552482 0.641038 -0.846087 0.552722 0.64147 -0.851192
0.78 0.544041 0.646521 -0.842041 0.544221 0.646955 -0.848985
0.79 0.535642 0.651919 -0.83749 0.535743 0.652355 -0.846475
0.8 0.527292 0.657234 -0.832436 0.527292 0.65767 -0.843668
0.81 0.518994 0.662465 -0.827263 0.518871 0.662901 -0.840571
0.82 0.510746 0.667614 -0.822356 0.510482 0.668047 -0.83719
0.83 0.502546 0.67268 -0.817713 0.502128 0.67311 -0.833533
0.84 0.494391 0.677665 -0.813336 0.493812 0.67809 -0.829604
0.85 0.486279 0.682568 -0.809224 0.485537 0.682987 -0.825413
0.86 0.478206 0.68739 -0.805377 0.477305 0.687801 -0.820964
0.87 0.47017 0.692132 -0.801796 0.469118 0.692533 -0.816266
0.88 0.462169 0.696794 -0.79848 0.46098 0.697183 -0.811325
0.89 0.4542 0.701376 -0.795429 0.452893 0.701753 -0.806149
0.9 0.446259 0.705878 -0.792643 0.444858 0.706242 -0.800745
0.91 0.438346 0.710301 -0.790123 0.436879 0.71065 -0.795119
0.92 0.430456 0.714645 -0.787868 0.428956 0.714979 -0.78928
0.93 0.422588 0.71891 -0.785879 0.421094 0.719229 -0.783234
0.94 0.414738 0.723097 -0.784154 0.413292 0.723401 -0.77699
0.95 0.406904 0.727205 -0.782695 0.405555 0.727496 -0.770554
0.96 0.399083 0.731235 -0.781501 0.397882 0.731513 -0.763933
0.97 0.391273 0.735187 -0.780573 0.390276 0.735453 -0.757136
0.98 0.383471 0.73906 -0.77991 0.38274 0.739318 -0.75017
0.99 0.375674 0.742856 -0.779512 0.375274 0.743108 -0.743042


0.01 0.998821 0.00999411 -0.118275
0.02 0.997631 0.0199764 -0.120038
0.03 0.996416 0.0299466 -0.122977
0.04 0.995167 0.0399046 -0.127091
0.05 0.993871 0.0498498 -0.132381
0.06 0.992516 0.0597818 -0.138846
0.07 0.99109 0.0696999 -0.146487
0.08 0.989582 0.0796033 -0.155303
0.09 0.98798 0.0894912 -0.165294
0.1 0.986272 0.0993626 -0.176461
0.11 0.984447 0.109216 -0.188804
0.12 0.982492 0.119051 -0.202322
0.13 0.980396 0.128866 -0.217016
0.14 0.978148 0.138659 -0.232885
0.15 0.975735 0.148428 -0.249929
0.16 0.973145 0.158173 -0.268149
0.17 0.970368 0.16789 -0.287544
0.18 0.967391 0.177579 -0.308115
0.19 0.964202 0.187237 -0.329862
0.2 0.960789 0.196863 -0.352784
0.21 0.957145 0.206452 -0.375958
0.22 0.953273 0.216005 -0.398463
0.23 0.949178 0.225517 -0.420299
0.24 0.944869 0.234988 -0.441464
0.25 0.940351 0.244414 -0.46196
0.26 0.935632 0.253794 -0.481785
0.27 0.930718 0.263126 -0.500942
0.28 0.925615 0.272408 -0.519428
0.29 0.920331 0.281638 -0.537244
0.3 0.914873 0.290814 -0.554391
0.31 0.909246 0.299934 -0.570868
0.32 0.903457 0.308998 -0.586675
0.33 0.897514 0.318003 -0.601813
0.34 0.891423 0.326948 -0.61628
0.35 0.885191 0.335831 -0.630078
0.36 0.878824 0.344651 -0.643206
0.37 0.872329 0.353407 -0.655665
0.38 0.865713 0.362097 -0.667453
0.39 0.858982 0.370721 -0.678572
0.4 0.852144 0.379277 -0.689021
0.41 0.845203 0.387764 -0.699002
0.42 0.838165 0.39618 -0.708715
0.43 0.83103 0.404527 -0.71816
0.44 0.823802 0.412801 -0.727339
0.45 0.816484 0.421002 -0.73625
0.46 0.809078 0.42913 -0.744893
0.47 0.801587 0.437184 -0.753269
0.48 0.794014 0.445162 -0.761378
0.49 0.786361 0.453064 -0.76922
0.5 0.77863 0.460889 -0.776794
0.51 0.770826 0.468636 -0.7841
0.52 0.762949 0.476305 -0.79114
0.53 0.755004 0.483895 -0.797911
0.54 0.746992 0.491405 -0.804416
0.55 0.738916 0.498834 -0.810653
0.56 0.73078 0.506183 -0.816623
0.57 0.722585 0.51345 -0.822325
0.58 0.714334 0.520634 -0.82776
0.59 0.70603 0.527736 -0.832928
0.6 0.697676 0.534755 -0.837828
0.61 0.689275 0.54169 -0.842343
0.62 0.680831 0.54854 -0.846354
0.63 0.67235 0.555306 -0.849862
0.64 0.663836 0.561987 -0.852866
0.65 0.655294 0.568583 -0.855366
0.66 0.64673 0.575093 -0.857363
0.67 0.638148 0.581517 -0.858856
0.68 0.629555 0.587856 -0.859845
0.69 0.620953 0.594108 -0.860331
0.7 0.61235 0.600275 -0.860313
0.71 0.603749 0.606355 -0.859792
0.72 0.595155 0.61235 -0.858767
0.73 0.586575 0.618258 -0.857238
0.74 0.578012 0.624081 -0.855206
0.75 0.569473 0.629819 -0.85267
0.76 0.560961 0.635471 -0.849631
0.77 0.552482 0.641038 -0.846087
0.78 0.544041 0.646521 -0.842041
0.79 0.535642 0.651919 -0.83749
0.8 0.527292 0.657234 -0.832436
0.81 0.518994 0.662465 -0.827263
0.82 0.510746 0.667614 -0.822356
0.83 0.502546 0.67268 -0.817713
0.84 0.494391 0.677665 -0.813336
0.85 0.486279 0.682568 -0.809224
0.86 0.478206 0.68739 -0.805377
0.87 0.47017 0.692132 -0.801796
0.88 0.462169 0.696794 -0.79848
0.89 0.4542 0.701376 -0.795429
0.9 0.446259 0.705878 -0.792643
0.91 0.438346 0.710301 -0.790123
0.92 0.430456 0.714645 -0.787868
0.93 0.422588 0.71891 -0.785879
0.94 0.414738 0.723097 -0.784154
0.95 0.406904 0.727205 -0.782695
0.96 0.399083 0.731235 -0.781501
0.97 0.391273 0.735187 -0.780573
0.98 0.383471 0.73906 -0.77991
0.99 0.375674 0.742856 -0.779512


0 1
0.2 0.960789
0.4 0.852144
0.6 0.697676
0.8 0.527292
1 0.367879
