0 1 0 
0.1 0.995 -0.1 
0.195219 0.980967 -0.19429 
0.286443 0.959162 -0.282969 
0.374308 0.930596 -0.366153 
0.459336 0.896099 -0.443956 
0.541957 0.856361 -0.516477 
0.622527 0.811968 -0.583798 
0.701344 0.763433 -0.645982 
0.77866 0.711207 -0.703077 
0.854684 0.6557 -0.755114 
0.929597 0.597293 -0.802115 
1.00355 0.536341 -0.844093 
1.07667 0.473184 -0.881056 
1.14908 0.408151 -0.913007 
1.22086 0.341562 -0.939953 
1.2921 0.273731 -0.961901 
1.36287 0.20497 -0.978865 
1.43324 0.135586 -0.990864 
1.50325 0.0658857 -0.997928 
1.57294 -0.00382829 -1.0001 
1.64237 -0.0732543 -0.99742 
1.71157 -0.142094 -0.989963 
1.78055 -0.210051 -0.977805 
1.84936 -0.276836 -0.961037 
1.91801 -0.342161 -0.939766 
1.98653 -0.405747 -0.914117 
2.05493 -0.467321 -0.884227 
2.12322 -0.526617 -0.850251 
2.19142 -0.583381 -0.812357 
2.25954 -0.637366 -0.770731 
2.3276 -0.68834 -0.725572 
2.39559 -0.736082 -0.677094 
2.46353 -0.780384 -0.625523 
2.53142 -0.821053 -0.5711 
2.59927 -0.857913 -0.514076 
2.66708 -0.890802 -0.454715 
2.73487 -0.919578 -0.393288 
2.80262 -0.944115 -0.330078 
2.87036 -0.964307 -0.265373 
2.93807 -0.980065 -0.19947 
3.00576 -0.991322 -0.132669 
3.07344 -0.998031 -0.0652751 
3.1411 -1.00016 0.00240431 
3.20875 -0.997711 0.0700607 
3.27639 -0.99069 0.137386 
3.34402 -0.979133 0.204073 
3.41165 -0.963094 0.269817 
3.47926 -0.942649 0.33432 
3.54687 -0.917892 0.397287 
3.61447 -0.888937 0.458432 
3.68207 -0.855916 0.517474 
3.74966 -0.818983 0.574147 
3.81725 -0.778306 0.62819 
3.88484 -0.734071 0.679359 
3.95242 -0.686481 0.727418 
4.02001 -0.635754 0.77215 
4.08758 -0.582122 0.81335 
4.15516 -0.525829 0.850831 
4.22273 -0.467134 0.884421 
4.29031 -0.406304 0.913967 
4.35788 -0.343619 0.939336 
4.42545 -0.279363 0.96041 
4.49302 -0.213831 0.977094 
4.56059 -0.147322 0.989311 
4.62815 -0.0801411 0.997007 
4.69572 -0.0125939 1.00015 
4.76329 0.0550105 0.998714 
4.83085 0.122363 0.992718 
4.89842 0.189156 0.982185 
4.96598 0.255085 0.967163 
5.03354 0.319847 0.947721 
5.10111 0.383148 0.923948 
5.16867 0.444698 0.895953 
5.23623 0.504215 0.863863 
5.30379 0.561429 0.827826 
5.37135 0.616077 0.788006 
5.43892 0.667909 0.744584 
5.50648 0.716689 0.697761 
5.57404 0.762195 0.647748 
5.6416 0.804217 0.594776 
5.70916 0.842565 0.539086 
5.77672 0.877063 0.480932 
5.84428 0.907553 0.420581 
5.91184 0.933895 0.358307 
5.97939 0.955971 0.294397 
6.04695 0.973679 0.229141 
6.11451 0.986937 0.162837 
6.18207 0.995686 0.0957898 
6.24963 0.999885 0.0283046 
6.28319 1.00027 -0.00526465 


0 5e+06 1e+06 0 
0.1 4.97205e+06 1.01786e+06 10088.9 
0.330484 4.90637e+06 1.05961e+06 34025.3 
0.809419 4.76435e+06 1.14878e+06 86871 
1.72001 4.47536e+06 1.32532e+06 199322 
3.33223 3.91577e+06 1.64564e+06 438592 
6.07 2.92035e+06 2.11803e+06 961623 
10.4552 1.64964e+06 2.33318e+06 2.01718e+06 
16.0199 906563 1.80808e+06 3.28536e+06 
20 645220 1.42088e+06 3.9339e+06 
