      -5.1  0.0713673  0.0713673  0.0713673
    -4.975  -0.348197  -0.348197  -0.348197
     -4.85 -0.0743313 -0.0743313 -0.0743313
    -4.725 -0.0546586 -0.0546586 -0.0546586
      -4.6 -0.0536646 -0.0536646 -0.0536646
    -4.475 -0.0626757 -0.0626757 -0.0626757
     -4.35 -0.0855819 -0.0855819 -0.0855819
    -4.225  -0.142833  -0.142833  -0.142833
      -4.1  -0.363973  -0.363973  -0.363973
    -3.975    1.73228    1.73228    1.73228
     -3.85   0.360507   0.360507   0.360507
    -3.725   0.258262   0.258262   0.258262
      -3.6   0.246857   0.246857   0.246857
    -3.475   0.280474   0.280474   0.280474
     -3.35   0.372281   0.372281   0.372281
    -3.225   0.603469   0.603469   0.603469
      -3.1    1.49229    1.49229    1.49229
    -2.975   -6.88581   -6.88581   -6.88581
     -2.85   -1.38795   -1.38795   -1.38795
    -2.725  -0.962025  -0.962025  -0.962025
      -2.6  -0.888686  -0.888686  -0.888686
    -2.475  -0.974646  -0.974646  -0.974646
     -2.35   -1.24714   -1.24714   -1.24714
    -2.225   -1.94619   -1.94619   -1.94619
      -2.1    -4.6261    -4.6261    -4.6261
    -1.975    20.4853    20.4853    20.4853
     -1.85    3.95566    3.95566    3.95566
    -1.725    2.62152    2.62152    2.62152
      -1.6    2.31058    2.31058    2.31058
    -1.475    2.41225    2.41225    2.41225
     -1.35    2.93078    2.93078    2.93078
    -1.225    4.33027    4.33027    4.33027
      -1.1    9.71481    9.71481    9.71481
    -0.975   -40.4584   -40.4584   -40.4584
     -0.85   -7.31797   -7.31797   -7.31797
    -0.725   -4.52212   -4.52212   -4.52212
      -0.6   -3.69693   -3.69693   -3.69693
    -0.475   -3.55807   -3.55807   -3.55807
     -0.35   -3.95656   -3.95656   -3.95656
    -0.225   -5.30458   -5.30458   -5.30458
      -0.1   -10.6863   -10.6863   -10.6863
     0.025     39.447     39.447     39.447
      0.15    6.22027    6.22027    6.22027
     0.275    3.27854    3.27854    3.27854
       0.4    2.21816    2.21816    2.21816
     0.525    1.69008    1.69008    1.69008
      0.65     1.3848     1.3848     1.3848
     0.775    1.19353    1.19353    1.19353
       0.9    1.06863    1.06863    1.06863
     1.025   0.986174   0.986174   0.986174
      1.15   0.933041   0.933041   0.933041
     1.275   0.901597   0.901597   0.901597
       1.4   0.887264   0.887264   0.887264
     1.525   0.887293   0.887293   0.887293
      1.65   0.900117   0.900117   0.900117
     1.775   0.924986   0.924986   0.924986
       1.9   0.961766   0.961766   0.961766
     2.025    1.01083    1.01083    1.01083
      2.15      1.073      1.073      1.073
     2.275    1.14954    1.14954    1.14954
       2.4    1.24217    1.24217    1.24217
     2.525    1.35312    1.35312    1.35312
      2.65    1.48519    1.48519    1.48519
     2.775    1.64185    1.64185    1.64185
       2.9    1.82736    1.82736    1.82736
     3.025    2.04693    2.04693    2.04693
      3.15    2.30694    2.30694    2.30694
     3.275     2.6152     2.6152     2.6152
       3.4    2.98121    2.98121    2.98121
     3.525    3.41663    3.41663    3.41663
      3.65    3.93576    3.93576    3.93576
     3.775    4.55613    4.55613    4.55613
       3.9    5.29933    5.29933    5.29933
     4.025    6.19196    6.19196    6.19196
      4.15    7.26687    7.26687    7.26687
     4.275    8.56476    8.56476    8.56476
       4.4    10.1361    10.1361    10.1361
     4.525    12.0436    12.0436    12.0436
      4.65    14.3655    14.3655    14.3655
     4.775    17.1994    17.1994    17.1994
       4.9    20.6674    20.6674    20.6674
