       0.1    2.25271    2.25271    2.25271
     0.225    1.39945    1.39945    1.39945
      0.35   0.934581   0.934581   0.934581
     0.475    0.62304    0.62304    0.62304
       0.6   0.398234   0.398234   0.398234
     0.725   0.231236   0.231236   0.231236
      0.85   0.106595   0.106595   0.106595
     0.975  0.0149508  0.0149508  0.0149508
       1.1 -0.0498724 -0.0498724 -0.0498725
     1.225 -0.0922078 -0.0922078 -0.0922078
      1.35  -0.115241  -0.115241  -0.115241
     1.475    -0.1214    -0.1214    -0.1214
       1.6  -0.112592  -0.112592  -0.112592
     1.725 -0.0903477 -0.0903477 -0.0903477
      1.85 -0.0559238 -0.0559238 -0.0559238
     1.975  -0.010367  -0.010367  -0.010367
       2.1  0.0454377  0.0454377  0.0454377
     2.225   0.110733   0.110733   0.110733
      2.35   0.184864   0.184864   0.184864
     2.475   0.267258   0.267258   0.267258
       2.6   0.357412   0.357412   0.357412
     2.725   0.454879   0.454879   0.454879
      2.85   0.559262   0.559262   0.559262
     2.975   0.670201   0.670201   0.670201
       3.1   0.787375   0.787375   0.787375
     3.225    0.91049    0.91049    0.91049
      3.35    1.03928    1.03928    1.03928
     3.475     1.1735     1.1735     1.1735
       3.6    1.31292    1.31292    1.31292
     3.725    1.45735    1.45735    1.45735
      3.85    1.60658    1.60658    1.60658
     3.975    1.76045    1.76045    1.76045
       4.1    1.91878    1.91878    1.91878
     4.225    2.08142    2.08142    2.08142
      4.35    2.24824    2.24824    2.24824
     4.475    2.41909    2.41909    2.41909
       4.6    2.59386    2.59386    2.59386
     4.725    2.77241    2.77241    2.77241
      4.85    2.95465    2.95465    2.95465
     4.975    3.14047    3.14047    3.14047
