     0.125   0.996098   0.062378 0.00195058 4.06504e-05 
      0.25   0.984436   0.124026 0.00777189 0.000324251 
     0.375   0.965152   0.184223   0.017373 0.00108901 
       0.5    0.93847   0.242268   0.030604 0.00256373 
     0.625   0.904702   0.297488  0.0472579 0.00496329 
      0.75   0.864242   0.349244   0.067074 0.00848438 
     0.875    0.81756   0.396944  0.0897413  0.0133015 
         1   0.765198   0.440051   0.114903  0.0195634 
     1.125   0.707759   0.478082   0.142164  0.0273896 
      1.25   0.645906   0.510623   0.171091  0.0368684 
     1.375   0.580347   0.537331   0.201226  0.0480536 
       1.5   0.511828   0.557937   0.232088   0.060964 
     1.625   0.441125   0.572248   0.263181  0.0755814 
      1.75   0.369033   0.580156   0.294003  0.0918509 
     1.875   0.296354   0.581631   0.324052   0.109681 
         2   0.223891   0.576725   0.352834   0.128943 
     2.125   0.152433    0.56557   0.379868   0.149476 
      2.25  0.0827499   0.548378   0.404698   0.171084 
     2.375  0.0155784   0.525434   0.426893   0.193543 
       2.5 -0.0483838   0.497094   0.446059     0.2166 
     2.625  -0.108488    0.46378   0.461844   0.239982 
      2.75  -0.164141   0.425972   0.473939   0.263394 
     2.875  -0.214816   0.384206   0.482089   0.286527 
         3  -0.260052   0.339059   0.486091   0.309063 
     3.125  -0.299465   0.291149     0.4858   0.330676 
      3.25  -0.332751    0.24112   0.481132   0.351043 
     3.375  -0.359685   0.189637   0.472062   0.369844 
       3.5  -0.380128   0.137378   0.458629    0.38677 
     3.625  -0.394025   0.085018   0.440931   0.401527 
      3.75  -0.401406  0.0332293   0.419128   0.413841 
     3.875  -0.402383 -0.0173343   0.393437   0.423462 
         4   -0.39715 -0.0660433   0.364128   0.430171 
     4.125  -0.385975  -0.112302   0.331526   0.433781 
      4.25    -0.3692  -0.155553   0.295998    0.43414 
     4.375  -0.347233  -0.195291   0.257957   0.431137 
       4.5  -0.320543   -0.23106   0.217849   0.424704 
     4.625   -0.28965  -0.262469    0.17615   0.414814 
      4.75  -0.255121  -0.289187   0.133358   0.401488 
     4.875  -0.217559  -0.310953  0.0899887    0.38479 
         5  -0.177597  -0.327579  0.0465651   0.364831 
     5.125  -0.135884  -0.338947 0.00361174   0.341766 
      5.25  -0.093081  -0.345014 -0.0383529   0.315793 
     5.375   -0.04985   -0.34581 -0.0788236   0.287151 
       5.5 -0.00684387  -0.341438  -0.117315   0.256118 
     5.625  0.0353013   -0.33207  -0.153371   0.223006 
      5.75  0.0759753  -0.317945  -0.186565    0.18816 
     5.875   0.114602  -0.299363  -0.216512    0.15195 
         6   0.150645  -0.276684  -0.242873   0.114768 
     6.125   0.183619  -0.250318  -0.265355  0.0770246 
      6.25    0.21309  -0.220721  -0.283721  0.0391396 
     6.375   0.238685  -0.188387  -0.297787 0.00154027 
       6.5   0.260095  -0.153841   -0.30743 -0.0353466 
     6.625   0.277076  -0.117632  -0.312588 -0.0711001 
      6.75   0.289457 -0.0803228  -0.313256   -0.10531 
     6.875   0.297135 -0.0424834  -0.309494  -0.137586 
         7   0.300079 -0.00468282  -0.301417  -0.167556 
     7.125    0.29833  0.0325196  -0.289202  -0.194879 
      7.25   0.291997  0.0685817  -0.273078  -0.219245 
     7.375   0.281254   0.102986  -0.253326  -0.240383 
       7.5    0.26634   0.135248  -0.230273  -0.258061 
     7.625    0.24755   0.164921  -0.204292  -0.272091 
      7.75   0.225234   0.191603  -0.175788  -0.282332 
     7.875   0.199789    0.21494  -0.145201  -0.288693 
         8   0.171651   0.234636  -0.112992  -0.291132 
     8.125   0.141291   0.250451  -0.079642  -0.289659 
      8.25   0.109207   0.262204  -0.045643  -0.284333 
     8.375  0.0759147   0.269778   -0.01149  -0.275266 
       8.5  0.0419393   0.273122  0.0223247  -0.262616 
     8.625 0.00781016   0.272244  0.0553189  -0.246589 
      8.75 -0.0259489   0.267218  0.0870272  -0.227434 
     8.875 -0.0588269   0.258177   0.117008  -0.205441 
         9 -0.0903336   0.245312   0.144847  -0.180935 
     9.125  -0.120006    0.22887   0.170169  -0.154275 
      9.25  -0.147414   0.209147   0.192635  -0.125845 
     9.375   -0.17217   0.186484   0.211953  -0.096051 
       9.5  -0.193929   0.161264   0.227879 -0.0653153 
     9.625  -0.212397   0.133902    0.24022 -0.0340699 
      9.75  -0.227333   0.104839   0.248839 -0.00275086 
     9.875  -0.238555   0.074537   0.253651  0.0282076 
        10  -0.245936  0.0434727    0.25463  0.0583794 
    10.125  -0.249411  0.0121269   0.251807  0.0873522 
     10.25  -0.248976 -0.0190205   0.245264   0.114733 
    10.375  -0.244684 -0.0494981   0.235142   0.140155 
      10.5  -0.236648   -0.07885   0.221629    0.16328 
    10.625  -0.225036  -0.106642   0.204963   0.183805 
     10.75  -0.210069   -0.13247   0.185424   0.201465 
    10.875  -0.192016  -0.155962   0.163334   0.216038 
        11   -0.17119  -0.176785   0.139048   0.227348 
    11.125  -0.147943  -0.194653   0.112949   0.235264 
     11.25   -0.12266  -0.209325  0.0854469   0.239706 
    11.375 -0.0957531  -0.220612  0.0569641   0.240644 
      11.5 -0.0676539  -0.228379  0.0279359   0.238095 
    11.625 -0.0388086  -0.232543 -0.00119886   0.232131 
     11.75 -0.00966935  -0.233081 -0.0300039   0.222866 
    11.875  0.0193116   -0.23002 -0.0580519   0.210466 
        12  0.0476893  -0.223447 -0.0849305   0.195137 
    12.125  0.0750326  -0.213497  -0.110249   0.177126 
     12.25   0.100931  -0.200357  -0.133642   0.156719 
    12.375   0.124999  -0.184261  -0.154778   0.134231 
      12.5   0.146884  -0.165484  -0.173361   0.110008 
    12.625   0.166271  -0.144341  -0.189137  0.0844161 
     12.75   0.182885  -0.121179  -0.201893  0.0578394 
    12.875   0.196497 -0.0963723  -0.211468  0.0306736 
        13   0.206926 -0.0703181  -0.217744 0.00331982 
    13.125   0.214042 -0.0434276  -0.220659 -0.0238209 
     13.25   0.217766 -0.0161215  -0.220199 -0.0503537 
    13.375   0.218072  0.0111772  -0.216401 -0.0758953 
      13.5   0.214989  0.0380493  -0.209352   -0.10008 
    13.625   0.208595  0.0640859  -0.199188  -0.122563 
     13.75   0.199019  0.0888946  -0.186089   -0.14303 
    13.875   0.186438   0.112105  -0.170279  -0.161195 
        14   0.171073   0.133375   -0.15202  -0.176809 
    14.125   0.153188   0.152395   -0.13161  -0.189665 
     14.25    0.13308   0.168891  -0.109376  -0.199593 
    14.375    0.11108   0.182631 -0.0856706   -0.20647 
      14.5  0.0875449   0.193429 -0.0608649   -0.21022 
    14.625  0.0628514   0.201144 -0.0353445   -0.21081 
     14.75  0.0373914   0.205681 -0.0095024  -0.208258 
    14.875  0.0115653   0.206999  0.0162666  -0.202625 
        15 -0.0142245   0.205104  0.0415717  -0.194018 
