0 9.8696 9.86478 
1 39.4784 39.4012 
2 88.8264 88.436 
3 157.914 156.681 
4 246.74 243.737 
5 355.306 349.091 
6 483.611 472.127 
7 631.655 612.121 
8 799.438 768.253 
9 986.96 939.606 
10 1194.22 1125.17 
11 1421.22 1323.87 
12 1667.96 1534.53 
13 1934.44 1755.91 
14 2220.66 1986.71 


0 0 0 0
0.0243902 0.0169069 -0.0337146 0.0503244
0.0487805 0.0337146 -0.0666389 0.0980013
0.0731707 0.0503244 -0.0980013 0.140522
0.097561 0.0666389 -0.127067 0.175651
0.121951 0.0825624 -0.153154 0.201538
0.146341 0.0980013 -0.175651 0.216823
0.170732 0.112865 -0.194031 0.220701
0.195122 0.127067 -0.207863 0.212968
0.219512 0.140522 -0.216823 0.194031
0.243902 0.153154 -0.220701 0.164886
0.268293 0.164886 -0.219406 0.127067
0.292683 0.175651 -0.212968 0.0825624
0.317073 0.185385 -0.201538 0.0337146
0.341463 0.194031 -0.185385 -0.0169069
0.365854 0.201538 -0.164886 -0.0666389
0.390244 0.207863 -0.140522 -0.112865
0.414634 0.212968 -0.112865 -0.153154
0.439024 0.216823 -0.0825624 -0.185385
0.463415 0.219406 -0.0503244 -0.207863
0.487805 0.220701 -0.0169069 -0.219406
0.512195 0.220701 0.0169069 -0.219406
0.536585 0.219406 0.0503244 -0.207863
0.560976 0.216823 0.0825624 -0.185385
0.585366 0.212968 0.112865 -0.153154
0.609756 0.207863 0.140522 -0.112865
0.634146 0.201538 0.164886 -0.0666389
0.658537 0.194031 0.185385 -0.0169069
0.682927 0.185385 0.201538 0.0337146
0.707317 0.175651 0.212968 0.0825624
0.731707 0.164886 0.219406 0.127067
0.756098 0.153154 0.220701 0.164886
0.780488 0.140522 0.216823 0.194031
0.804878 0.127067 0.207863 0.212968
0.829268 0.112865 0.194031 0.220701
0.853659 0.0980013 0.175651 0.216823
0.878049 0.0825624 0.153154 0.201538
0.902439 0.0666389 0.127067 0.175651
0.926829 0.0503244 0.0980013 0.140522
0.95122 0.0337146 0.0666389 0.0980013
0.97561 0.0169069 0.0337146 0.0503244
1 0 0 0
